version https://git-lfs.github.com/spec/v1
oid sha256:b348e4f33fbb146e554a82de3c0418fa17b8fb2e1a16315ecdca97d4656cfb6c
size 1717
