version https://git-lfs.github.com/spec/v1
oid sha256:636fdced08a813bd10ff829eb4354680743259e980d35b6063ae67b518582200
size 5978
